2025-02-27,ebcb6769,1024,1,[155.512386617 153.174278465 155.662111]
2025-02-27,ebcb6769,1024,2,[77.25013920999999 78.81400273 78.359936]
2025-02-27,ebcb6769,1024,4,[39.721635848999995 39.434890836 39.628097]
2025-02-27,ebcb6769,1024,8,[20.006892072 20.149667177 19.919699731999]
2025-02-27,00717e77,1024,1,[155.609943581 153.272322903 153.2427602]
2025-02-27,00717e77,1024,2,[78.292393546 78.334356731 79.322399441999]
2025-02-27,00717e77,1024,4,[39.553430365 39.583246753 39.239854]
2025-02-27,00717e77,1024,8,[19.956424017 19.859056226 19.7491965]
2025-02-27,7308417b,1024,1,[155.593378618 152.739577091 157.5702267]
2025-02-27,7308417b,1024,2,[77.878502712 77.798986654 78.67643067]
2025-02-27,7308417b,1024,4,[39.212043421 39.480954921000006 39.21117716]
2025-02-27,7308417b,1024,8,[19.719204829 19.965690935 19.78576172]
2025-02-26,ab248900,1024,1,[153.813653153 155.289352783 154.2598]
2025-02-26,ab248900,1024,2,[78.458830699 93.43637356900001 78.598]
2025-02-26,2c635349,1024,1,[154.63533368999998 154.503017076 154.47402]
2025-02-26,2c635349,1024,2,[78.086872464 80.13793124 92.24062]
2025-02-26,2c635349,1024,4,[39.617735784 39.154822396 38.85999771599]
setups
,setups
,1024,1,[156.17167483699998 153.644442514 154.71376998399998]
setups
,setups
,1024,2,[78.633094606 80.235616748 79.41818495199999]
