2025-02-17,24fe23ee,1024,1,[114.882997238543 110.063024889678 112.514098150656 113.38716252893]
2025-02-17,24fe23ee,1024,2,[55.5325953289866 56.168670322746 55.473283501341]
2025-02-17,24fe23ee,1024,4,[28.3602471835911 28.8598857913166 28.232843085192]
2025-02-17,24fe23ee,1024,8,[14.3165592737496 14.7171122645959 14.383840057998]
2025-02-17,24fe23ee,1024,16,[7.24950424581766 7.40657635219395 7.2718872670084]
2025-02-17,24fe23ee,1024,32,[]
2025-02-17,24fe23ee,1024,64,[1.972996445372]
2025-02-17,b5104a59,1024,1,[113.257146986201 111.521220275667 117.168520000763]
2025-02-17,b5104a59,1024,2,[56.4540128260851 56.4317956604064 56.3886085348204]
2025-02-17,b5104a59,1024,4,[28.1201202264056 28.1683838134632 28.1642126757652]
2025-02-17,b5104a59,1024,8,[14.3562297988683 14.3576099528 14.3932999270037]
2025-02-17,b5104a59,1024,16,[7.43458458641544 7.28897554893047 7.6169120464474]
2025-02-17,b5104a59,1024,32,[3.68196280952543 3.76924623735249 3.73593674437143]
2025-02-17,b5104a59,1024,64,[2.13578078150749 2.21036028303206 2.1623086235486]
